11 1 1 1 11
11 2 1 1 21
11 3 1 1 31
11 4 1 1 41
11 5 1 1 51
11 6 1 1 61
11 7 1 1 71
11 8 1 1 81
11 9 1 1 91
11 10 1 1 101
11 11 1 1 101

11 1 1 2 111
11 2 1 2 121
11 3 1 2 131
11 4 1 2 141
11 5 1 2 151
11 6 1 2 161
11 7 1 2 171
11 8 1 2 181
11 9 1 2 191
11 10 1 2 201
11 11 1 2 201

11 1 1 3 211
11 2 1 3 221
11 3 1 3 231
11 4 1 3 241
11 5 1 3 251
11 6 1 3 261
11 7 1 3 271
11 8 1 3 281
11 9 1 3 291
11 10 1 3 301
11 11 1 3 301

11 1 1 4 311
11 2 1 4 321
11 3 1 4 331
11 4 1 4 341
11 5 1 4 351
11 6 1 4 361
11 7 1 4 371
11 8 1 4 381
11 9 1 4 391
11 10 1 4 401
11 11 1 4 401

11 1 1 5 411
11 2 1 5 421
11 3 1 5 431
11 4 1 5 441
11 5 1 5 451
11 6 1 5 461
11 7 1 5 471
11 8 1 5 481
11 9 1 5 491
11 10 1 5 501
11 11 1 5 501

11 1 1 6 511
11 2 1 6 521
11 3 1 6 531
11 4 1 6 541
11 5 1 6 551
11 6 1 6 561
11 7 1 6 571
11 8 1 6 581
11 9 1 6 591
11 10 1 6 601
11 11 1 6 601

11 1 1 7 611
11 2 1 7 621
11 3 1 7 631
11 4 1 7 641
11 5 1 7 651
11 6 1 7 661
11 7 1 7 671
11 8 1 7 681
11 9 1 7 691
11 10 1 7 701
11 11 1 7 701

11 1 1 8 711
11 2 1 8 721
11 3 1 8 731
11 4 1 8 741
11 5 1 8 751
11 6 1 8 761
11 7 1 8 771
11 8 1 8 781
11 9 1 8 791
11 10 1 8 801
11 11 1 8 801

11 1 1 9 811
11 2 1 9 821
11 3 1 9 831
11 4 1 9 841
11 5 1 9 851
11 6 1 9 861
11 7 1 9 871
11 8 1 9 881
11 9 1 9 891
11 10 1 9 901
11 11 1 9 901

11 1 1 10 911
11 2 1 10 921
11 3 1 10 931
11 4 1 10 941
11 5 1 10 951
11 6 1 10 961
11 7 1 10 971
11 8 1 10 981
11 9 1 10 991
11 10 1 10 1001
11 11 1 10 1001

11 11 1 11 1001

11 1 2 1 1011
11 2 2 1 1021
11 3 2 1 1031
11 4 2 1 1041
11 5 2 1 1051
11 6 2 1 1061
11 7 2 1 1071
11 8 2 1 1081
11 9 2 1 1091
11 10 2 1 1101
11 11 2 1 1101

11 1 2 2 1111
11 2 2 2 1121
11 3 2 2 1131
11 4 2 2 1141
11 5 2 2 1151
11 6 2 2 1161
11 7 2 2 1171
11 8 2 2 1181
11 9 2 2 1191
11 10 2 2 1201
11 11 2 2 1201

11 1 2 3 1211
11 2 2 3 1221
11 3 2 3 1231
11 4 2 3 1241
11 5 2 3 1251
11 6 2 3 1261
11 7 2 3 1271
11 8 2 3 1281
11 9 2 3 1291
11 10 2 3 1301
11 11 2 3 1301

11 1 2 4 1311
11 2 2 4 1321
11 3 2 4 1331
11 4 2 4 1341
11 5 2 4 1351
11 6 2 4 1361
11 7 2 4 1371
11 8 2 4 1381
11 9 2 4 1391
11 10 2 4 1401
11 11 2 4 1401

11 1 2 5 1411
11 2 2 5 1421
11 3 2 5 1431
11 4 2 5 1441
11 5 2 5 1451
11 6 2 5 1461
11 7 2 5 1471
11 8 2 5 1481
11 9 2 5 1491
11 10 2 5 1501
11 11 2 5 1501

11 1 2 6 1511
11 2 2 6 1521
11 3 2 6 1531
11 4 2 6 1541
11 5 2 6 1551
11 6 2 6 1561
11 7 2 6 1571
11 8 2 6 1581
11 9 2 6 1591
11 10 2 6 1601
11 11 2 6 1601

11 1 2 7 1611
11 2 2 7 1621
11 3 2 7 1631
11 4 2 7 1641
11 5 2 7 1651
11 6 2 7 1661
11 7 2 7 1671
11 8 2 7 1681
11 9 2 7 1691
11 10 2 7 1701
11 11 2 7 1701

11 1 2 8 1711
11 2 2 8 1721
11 3 2 8 1731
11 4 2 8 1741
11 5 2 8 1751
11 6 2 8 1761
11 7 2 8 1771
11 8 2 8 1781
11 9 2 8 1791
11 10 2 8 1801
11 11 2 8 1801

11 1 2 9 1811
11 2 2 9 1821
11 3 2 9 1831
11 4 2 9 1841
11 5 2 9 1851
11 6 2 9 1861
11 7 2 9 1871
11 8 2 9 1881
11 9 2 9 1891
11 10 2 9 1901
11 11 2 9 1901

11 1 2 10 1911
11 2 2 10 1921
11 3 2 10 1931
11 4 2 10 1941
11 5 2 10 1951
11 6 2 10 1961
11 7 2 10 1971
11 8 2 10 1981
11 9 2 10 1991
11 10 2 10 2001
11 11 2 10 2001

11 11 2 11 2001

11 1 3 1 2011
11 2 3 1 2021
11 3 3 1 2031
11 4 3 1 2041
11 5 3 1 2051
11 6 3 1 2061
11 7 3 1 2071
11 8 3 1 2081
11 9 3 1 2091
11 10 3 1 2101
11 11 3 1 2101

11 1 3 2 2111
11 2 3 2 2121
11 3 3 2 2131
11 4 3 2 2141
11 5 3 2 2151
11 6 3 2 2161
11 7 3 2 2171
11 8 3 2 2181
11 9 3 2 2191
11 10 3 2 2201
11 11 3 2 2201

11 1 3 3 2211
11 2 3 3 2221
11 3 3 3 2231
11 4 3 3 2241
11 5 3 3 2251
11 6 3 3 2261
11 7 3 3 2271
11 8 3 3 2281
11 9 3 3 2291
11 10 3 3 2301
11 11 3 3 2301

11 1 3 4 2311
11 2 3 4 2321
11 3 3 4 2331
11 4 3 4 2341
11 5 3 4 2351
11 6 3 4 2361
11 7 3 4 2371
11 8 3 4 2381
11 9 3 4 2391
11 10 3 4 2401
11 11 3 4 2401

11 1 3 5 2411
11 2 3 5 2421
11 3 3 5 2431
11 4 3 5 2441
11 5 3 5 2451
11 6 3 5 2461
11 7 3 5 2471
11 8 3 5 2481
11 9 3 5 2491
11 10 3 5 2501
11 11 3 5 2501

11 1 3 6 2511
11 2 3 6 2521
11 3 3 6 2531
11 4 3 6 2541
11 5 3 6 2551
11 6 3 6 2561
11 7 3 6 2571
11 8 3 6 2581
11 9 3 6 2591
11 10 3 6 2601
11 11 3 6 2601

11 1 3 7 2611
11 2 3 7 2621
11 3 3 7 2631
11 4 3 7 2641
11 5 3 7 2651
11 6 3 7 2661
11 7 3 7 2671
11 8 3 7 2681
11 9 3 7 2691
11 10 3 7 2701
11 11 3 7 2701

11 1 3 8 2711
11 2 3 8 2721
11 3 3 8 2731
11 4 3 8 2741
11 5 3 8 2751
11 6 3 8 2761
11 7 3 8 2771
11 8 3 8 2781
11 9 3 8 2791
11 10 3 8 2801
11 11 3 8 2801

11 1 3 9 2811
11 2 3 9 2821
11 3 3 9 2831
11 4 3 9 2841
11 5 3 9 2851
11 6 3 9 2861
11 7 3 9 2871
11 8 3 9 2881
11 9 3 9 2891
11 10 3 9 2901
11 11 3 9 2901

11 1 3 10 2911
11 2 3 10 2921
11 3 3 10 2931
11 4 3 10 2941
11 5 3 10 2951
11 6 3 10 2961
11 7 3 10 2971
11 8 3 10 2981
11 9 3 10 2991
11 10 3 10 3001
11 11 3 10 3001

11 11 3 11 3001

11 1 4 1 3011
11 2 4 1 3021
11 3 4 1 3031
11 4 4 1 3041
11 5 4 1 3051
11 6 4 1 3061
11 7 4 1 3071
11 8 4 1 3081
11 9 4 1 3091
11 10 4 1 3101
11 11 4 1 3101

11 1 4 2 3111
11 2 4 2 3121
11 3 4 2 3131
11 4 4 2 3141
11 5 4 2 3151
11 6 4 2 3161
11 7 4 2 3171
11 8 4 2 3181
11 9 4 2 3191
11 10 4 2 3201
11 11 4 2 3201

11 1 4 3 3211
11 2 4 3 3221
11 3 4 3 3231
11 4 4 3 3241
11 5 4 3 3251
11 6 4 3 3261
11 7 4 3 3271
11 8 4 3 3281
11 9 4 3 3291
11 10 4 3 3301
11 11 4 3 3301

11 1 4 4 3311
11 2 4 4 3321
11 3 4 4 3331
11 4 4 4 3341
11 5 4 4 3351
11 6 4 4 3361
11 7 4 4 3371
11 8 4 4 3381
11 9 4 4 3391
11 10 4 4 3401
11 11 4 4 3401

11 1 4 5 3411
11 2 4 5 3421
11 3 4 5 3431
11 4 4 5 3441
11 5 4 5 3451
11 6 4 5 3461
11 7 4 5 3471
11 8 4 5 3481
11 9 4 5 3491
11 10 4 5 3501
11 11 4 5 3501

11 1 4 6 3511
11 2 4 6 3521
11 3 4 6 3531
11 4 4 6 3541
11 5 4 6 3551
11 6 4 6 3561
11 7 4 6 3571
11 8 4 6 3581
11 9 4 6 3591
11 10 4 6 3601
11 11 4 6 3601

11 1 4 7 3611
11 2 4 7 3621
11 3 4 7 3631
11 4 4 7 3641
11 5 4 7 3651
11 6 4 7 3661
11 7 4 7 3671
11 8 4 7 3681
11 9 4 7 3691
11 10 4 7 3701
11 11 4 7 3701

11 1 4 8 3711
11 2 4 8 3721
11 3 4 8 3731
11 4 4 8 3741
11 5 4 8 3751
11 6 4 8 3761
11 7 4 8 3771
11 8 4 8 3781
11 9 4 8 3791
11 10 4 8 3801
11 11 4 8 3801

11 1 4 9 3811
11 2 4 9 3821
11 3 4 9 3831
11 4 4 9 3841
11 5 4 9 3851
11 6 4 9 3861
11 7 4 9 3871
11 8 4 9 3881
11 9 4 9 3891
11 10 4 9 3901
11 11 4 9 3901

11 1 4 10 3911
11 2 4 10 3921
11 3 4 10 3931
11 4 4 10 3941
11 5 4 10 3951
11 6 4 10 3961
11 7 4 10 3971
11 8 4 10 3981
11 9 4 10 3991
11 10 4 10 4001
11 11 4 10 4001

11 11 4 11 4001

11 1 5 1 4011
11 2 5 1 4021
11 3 5 1 4031
11 4 5 1 4041
11 5 5 1 4051
11 6 5 1 4061
11 7 5 1 4071
11 8 5 1 4081
11 9 5 1 4091
11 10 5 1 4101
11 11 5 1 4101

11 1 5 2 4111
11 2 5 2 4121
11 3 5 2 4131
11 4 5 2 4141
11 5 5 2 4151
11 6 5 2 4161
11 7 5 2 4171
11 8 5 2 4181
11 9 5 2 4191
11 10 5 2 4201
11 11 5 2 4201

11 1 5 3 4211
11 2 5 3 4221
11 3 5 3 4231
11 4 5 3 4241
11 5 5 3 4251
11 6 5 3 4261
11 7 5 3 4271
11 8 5 3 4281
11 9 5 3 4291
11 10 5 3 4301
11 11 5 3 4301

11 1 5 4 4311
11 2 5 4 4321
11 3 5 4 4331
11 4 5 4 4341
11 5 5 4 4351
11 6 5 4 4361
11 7 5 4 4371
11 8 5 4 4381
11 9 5 4 4391
11 10 5 4 4401
11 11 5 4 4401

11 1 5 5 4411
11 2 5 5 4421
11 3 5 5 4431
11 4 5 5 4441
11 5 5 5 4451
11 6 5 5 4461
11 7 5 5 4471
11 8 5 5 4481
11 9 5 5 4491
11 10 5 5 4501
11 11 5 5 4501

11 1 5 6 4511
11 2 5 6 4521
11 3 5 6 4531
11 4 5 6 4541
11 5 5 6 4551
11 6 5 6 4561
11 7 5 6 4571
11 8 5 6 4581
11 9 5 6 4591
11 10 5 6 4601
11 11 5 6 4601

11 1 5 7 4611
11 2 5 7 4621
11 3 5 7 4631
11 4 5 7 4641
11 5 5 7 4651
11 6 5 7 4661
11 7 5 7 4671
11 8 5 7 4681
11 9 5 7 4691
11 10 5 7 4701
11 11 5 7 4701

11 1 5 8 4711
11 2 5 8 4721
11 3 5 8 4731
11 4 5 8 4741
11 5 5 8 4751
11 6 5 8 4761
11 7 5 8 4771
11 8 5 8 4781
11 9 5 8 4791
11 10 5 8 4801
11 11 5 8 4801

11 1 5 9 4811
11 2 5 9 4821
11 3 5 9 4831
11 4 5 9 4841
11 5 5 9 4851
11 6 5 9 4861
11 7 5 9 4871
11 8 5 9 4881
11 9 5 9 4891
11 10 5 9 4901
11 11 5 9 4901

11 1 5 10 4911
11 2 5 10 4921
11 3 5 10 4931
11 4 5 10 4941
11 5 5 10 4951
11 6 5 10 4961
11 7 5 10 4971
11 8 5 10 4981
11 9 5 10 4991
11 10 5 10 5001
11 11 5 10 5001

11 11 5 11 5001

11 1 6 1 5011
11 2 6 1 5021
11 3 6 1 5031
11 4 6 1 5041
11 5 6 1 5051
11 6 6 1 5061
11 7 6 1 5071
11 8 6 1 5081
11 9 6 1 5091
11 10 6 1 5101
11 11 6 1 5101

11 1 6 2 5111
11 2 6 2 5121
11 3 6 2 5131
11 4 6 2 5141
11 5 6 2 5151
11 6 6 2 5161
11 7 6 2 5171
11 8 6 2 5181
11 9 6 2 5191
11 10 6 2 5201
11 11 6 2 5201

11 1 6 3 5211
11 2 6 3 5221
11 3 6 3 5231
11 4 6 3 5241
11 5 6 3 5251
11 6 6 3 5261
11 7 6 3 5271
11 8 6 3 5281
11 9 6 3 5291
11 10 6 3 5301
11 11 6 3 5301

11 1 6 4 5311
11 2 6 4 5321
11 3 6 4 5331
11 4 6 4 5341
11 5 6 4 5351
11 6 6 4 5361
11 7 6 4 5371
11 8 6 4 5381
11 9 6 4 5391
11 10 6 4 5401
11 11 6 4 5401

11 1 6 5 5411
11 2 6 5 5421
11 3 6 5 5431
11 4 6 5 5441
11 5 6 5 5451
11 6 6 5 5461
11 7 6 5 5471
11 8 6 5 5481
11 9 6 5 5491
11 10 6 5 5501
11 11 6 5 5501

11 1 6 6 5511
11 2 6 6 5521
11 3 6 6 5531
11 4 6 6 5541
11 5 6 6 5551
11 6 6 6 5561
11 7 6 6 5571
11 8 6 6 5581
11 9 6 6 5591
11 10 6 6 5601
11 11 6 6 5601

11 1 6 7 5611
11 2 6 7 5621
11 3 6 7 5631
11 4 6 7 5641
11 5 6 7 5651
11 6 6 7 5661
11 7 6 7 5671
11 8 6 7 5681
11 9 6 7 5691
11 10 6 7 5701
11 11 6 7 5701

11 1 6 8 5711
11 2 6 8 5721
11 3 6 8 5731
11 4 6 8 5741
11 5 6 8 5751
11 6 6 8 5761
11 7 6 8 5771
11 8 6 8 5781
11 9 6 8 5791
11 10 6 8 5801
11 11 6 8 5801

11 1 6 9 5811
11 2 6 9 5821
11 3 6 9 5831
11 4 6 9 5841
11 5 6 9 5851
11 6 6 9 5861
11 7 6 9 5871
11 8 6 9 5881
11 9 6 9 5891
11 10 6 9 5901
11 11 6 9 5901

11 1 6 10 5911
11 2 6 10 5921
11 3 6 10 5931
11 4 6 10 5941
11 5 6 10 5951
11 6 6 10 5961
11 7 6 10 5971
11 8 6 10 5981
11 9 6 10 5991
11 10 6 10 6001
11 11 6 10 6001

11 11 6 11 6001

11 1 7 1 6011
11 2 7 1 6021
11 3 7 1 6031
11 4 7 1 6041
11 5 7 1 6051
11 6 7 1 6061
11 7 7 1 6071
11 8 7 1 6081
11 9 7 1 6091
11 10 7 1 6101
11 11 7 1 6101

11 1 7 2 6111
11 2 7 2 6121
11 3 7 2 6131
11 4 7 2 6141
11 5 7 2 6151
11 6 7 2 6161
11 7 7 2 6171
11 8 7 2 6181
11 9 7 2 6191
11 10 7 2 6201
11 11 7 2 6201

11 1 7 3 6211
11 2 7 3 6221
11 3 7 3 6231
11 4 7 3 6241
11 5 7 3 6251
11 6 7 3 6261
11 7 7 3 6271
11 8 7 3 6281
11 9 7 3 6291
11 10 7 3 6301
11 11 7 3 6301

11 1 7 4 6311
11 2 7 4 6321
11 3 7 4 6331
11 4 7 4 6341
11 5 7 4 6351
11 6 7 4 6361
11 7 7 4 6371
11 8 7 4 6381
11 9 7 4 6391
11 10 7 4 6401
11 11 7 4 6401

11 1 7 5 6411
11 2 7 5 6421
11 3 7 5 6431
11 4 7 5 6441
11 5 7 5 6451
11 6 7 5 6461
11 7 7 5 6471
11 8 7 5 6481
11 9 7 5 6491
11 10 7 5 6501
11 11 7 5 6501

11 1 7 6 6511
11 2 7 6 6521
11 3 7 6 6531
11 4 7 6 6541
11 5 7 6 6551
11 6 7 6 6561
11 7 7 6 6571
11 8 7 6 6581
11 9 7 6 6591
11 10 7 6 6601
11 11 7 6 6601

11 1 7 7 6611
11 2 7 7 6621
11 3 7 7 6631
11 4 7 7 6641
11 5 7 7 6651
11 6 7 7 6661
11 7 7 7 6671
11 8 7 7 6681
11 9 7 7 6691
11 10 7 7 6701
11 11 7 7 6701

11 1 7 8 6711
11 2 7 8 6721
11 3 7 8 6731
11 4 7 8 6741
11 5 7 8 6751
11 6 7 8 6761
11 7 7 8 6771
11 8 7 8 6781
11 9 7 8 6791
11 10 7 8 6801
11 11 7 8 6801

11 1 7 9 6811
11 2 7 9 6821
11 3 7 9 6831
11 4 7 9 6841
11 5 7 9 6851
11 6 7 9 6861
11 7 7 9 6871
11 8 7 9 6881
11 9 7 9 6891
11 10 7 9 6901
11 11 7 9 6901

11 1 7 10 6911
11 2 7 10 6921
11 3 7 10 6931
11 4 7 10 6941
11 5 7 10 6951
11 6 7 10 6961
11 7 7 10 6971
11 8 7 10 6981
11 9 7 10 6991
11 10 7 10 7001
11 11 7 10 7001

11 11 7 11 7001

11 1 8 1 7011
11 2 8 1 7021
11 3 8 1 7031
11 4 8 1 7041
11 5 8 1 7051
11 6 8 1 7061
11 7 8 1 7071
11 8 8 1 7081
11 9 8 1 7091
11 10 8 1 7101
11 11 8 1 7101

11 1 8 2 7111
11 2 8 2 7121
11 3 8 2 7131
11 4 8 2 7141
11 5 8 2 7151
11 6 8 2 7161
11 7 8 2 7171
11 8 8 2 7181
11 9 8 2 7191
11 10 8 2 7201
11 11 8 2 7201

11 1 8 3 7211
11 2 8 3 7221
11 3 8 3 7231
11 4 8 3 7241
11 5 8 3 7251
11 6 8 3 7261
11 7 8 3 7271
11 8 8 3 7281
11 9 8 3 7291
11 10 8 3 7301
11 11 8 3 7301

11 1 8 4 7311
11 2 8 4 7321
11 3 8 4 7331
11 4 8 4 7341
11 5 8 4 7351
11 6 8 4 7361
11 7 8 4 7371
11 8 8 4 7381
11 9 8 4 7391
11 10 8 4 7401
11 11 8 4 7401

11 1 8 5 7411
11 2 8 5 7421
11 3 8 5 7431
11 4 8 5 7441
11 5 8 5 7451
11 6 8 5 7461
11 7 8 5 7471
11 8 8 5 7481
11 9 8 5 7491
11 10 8 5 7501
11 11 8 5 7501

11 1 8 6 7511
11 2 8 6 7521
11 3 8 6 7531
11 4 8 6 7541
11 5 8 6 7551
11 6 8 6 7561
11 7 8 6 7571
11 8 8 6 7581
11 9 8 6 7591
11 10 8 6 7601
11 11 8 6 7601

11 1 8 7 7611
11 2 8 7 7621
11 3 8 7 7631
11 4 8 7 7641
11 5 8 7 7651
11 6 8 7 7661
11 7 8 7 7671
11 8 8 7 7681
11 9 8 7 7691
11 10 8 7 7701
11 11 8 7 7701

11 1 8 8 7711
11 2 8 8 7721
11 3 8 8 7731
11 4 8 8 7741
11 5 8 8 7751
11 6 8 8 7761
11 7 8 8 7771
11 8 8 8 7781
11 9 8 8 7791
11 10 8 8 7801
11 11 8 8 7801

11 1 8 9 7811
11 2 8 9 7821
11 3 8 9 7831
11 4 8 9 7841
11 5 8 9 7851
11 6 8 9 7861
11 7 8 9 7871
11 8 8 9 7881
11 9 8 9 7891
11 10 8 9 7901
11 11 8 9 7901

11 1 8 10 7911
11 2 8 10 7921
11 3 8 10 7931
11 4 8 10 7941
11 5 8 10 7951
11 6 8 10 7961
11 7 8 10 7971
11 8 8 10 7981
11 9 8 10 7991
11 10 8 10 8001
11 11 8 10 8001

11 11 8 11 8001

11 1 9 1 8011
11 2 9 1 8021
11 3 9 1 8031
11 4 9 1 8041
11 5 9 1 8051
11 6 9 1 8061
11 7 9 1 8071
11 8 9 1 8081
11 9 9 1 8091
11 10 9 1 8101
11 11 9 1 8101

11 1 9 2 8111
11 2 9 2 8121
11 3 9 2 8131
11 4 9 2 8141
11 5 9 2 8151
11 6 9 2 8161
11 7 9 2 8171
11 8 9 2 8181
11 9 9 2 8191
11 10 9 2 8201
11 11 9 2 8201

11 1 9 3 8211
11 2 9 3 8221
11 3 9 3 8231
11 4 9 3 8241
11 5 9 3 8251
11 6 9 3 8261
11 7 9 3 8271
11 8 9 3 8281
11 9 9 3 8291
11 10 9 3 8301
11 11 9 3 8301

11 1 9 4 8311
11 2 9 4 8321
11 3 9 4 8331
11 4 9 4 8341
11 5 9 4 8351
11 6 9 4 8361
11 7 9 4 8371
11 8 9 4 8381
11 9 9 4 8391
11 10 9 4 8401
11 11 9 4 8401

11 1 9 5 8411
11 2 9 5 8421
11 3 9 5 8431
11 4 9 5 8441
11 5 9 5 8451
11 6 9 5 8461
11 7 9 5 8471
11 8 9 5 8481
11 9 9 5 8491
11 10 9 5 8501
11 11 9 5 8501

11 1 9 6 8511
11 2 9 6 8521
11 3 9 6 8531
11 4 9 6 8541
11 5 9 6 8551
11 6 9 6 8561
11 7 9 6 8571
11 8 9 6 8581
11 9 9 6 8591
11 10 9 6 8601
11 11 9 6 8601

11 1 9 7 8611
11 2 9 7 8621
11 3 9 7 8631
11 4 9 7 8641
11 5 9 7 8651
11 6 9 7 8661
11 7 9 7 8671
11 8 9 7 8681
11 9 9 7 8691
11 10 9 7 8701
11 11 9 7 8701

11 1 9 8 8711
11 2 9 8 8721
11 3 9 8 8731
11 4 9 8 8741
11 5 9 8 8751
11 6 9 8 8761
11 7 9 8 8771
11 8 9 8 8781
11 9 9 8 8791
11 10 9 8 8801
11 11 9 8 8801

11 1 9 9 8811
11 2 9 9 8821
11 3 9 9 8831
11 4 9 9 8841
11 5 9 9 8851
11 6 9 9 8861
11 7 9 9 8871
11 8 9 9 8881
11 9 9 9 8891
11 10 9 9 8901
11 11 9 9 8901

11 1 9 10 8911
11 2 9 10 8921
11 3 9 10 8931
11 4 9 10 8941
11 5 9 10 8951
11 6 9 10 8961
11 7 9 10 8971
11 8 9 10 8981
11 9 9 10 8991
11 10 9 10 9001
11 11 9 10 9001

11 11 9 11 9001

11 1 10 1 9011
11 2 10 1 9021
11 3 10 1 9031
11 4 10 1 9041
11 5 10 1 9051
11 6 10 1 9061
11 7 10 1 9071
11 8 10 1 9081
11 9 10 1 9091
11 10 10 1 9101
11 11 10 1 9101

11 1 10 2 9111
11 2 10 2 9121
11 3 10 2 9131
11 4 10 2 9141
11 5 10 2 9151
11 6 10 2 9161
11 7 10 2 9171
11 8 10 2 9181
11 9 10 2 9191
11 10 10 2 9201
11 11 10 2 9201

11 1 10 3 9211
11 2 10 3 9221
11 3 10 3 9231
11 4 10 3 9241
11 5 10 3 9251
11 6 10 3 9261
11 7 10 3 9271
11 8 10 3 9281
11 9 10 3 9291
11 10 10 3 9301
11 11 10 3 9301

11 1 10 4 9311
11 2 10 4 9321
11 3 10 4 9331
11 4 10 4 9341
11 5 10 4 9351
11 6 10 4 9361
11 7 10 4 9371
11 8 10 4 9381
11 9 10 4 9391
11 10 10 4 9401
11 11 10 4 9401

11 1 10 5 9411
11 2 10 5 9421
11 3 10 5 9431
11 4 10 5 9441
11 5 10 5 9451
11 6 10 5 9461
11 7 10 5 9471
11 8 10 5 9481
11 9 10 5 9491
11 10 10 5 9501
11 11 10 5 9501

11 1 10 6 9511
11 2 10 6 9521
11 3 10 6 9531
11 4 10 6 9541
11 5 10 6 9551
11 6 10 6 9561
11 7 10 6 9571
11 8 10 6 9581
11 9 10 6 9591
11 10 10 6 9601
11 11 10 6 9601

11 1 10 7 9611
11 2 10 7 9621
11 3 10 7 9631
11 4 10 7 9641
11 5 10 7 9651
11 6 10 7 9661
11 7 10 7 9671
11 8 10 7 9681
11 9 10 7 9691
11 10 10 7 9701
11 11 10 7 9701

11 1 10 8 9711
11 2 10 8 9721
11 3 10 8 9731
11 4 10 8 9741
11 5 10 8 9751
11 6 10 8 9761
11 7 10 8 9771
11 8 10 8 9781
11 9 10 8 9791
11 10 10 8 9801
11 11 10 8 9801

11 1 10 9 9811
11 2 10 9 9821
11 3 10 9 9831
11 4 10 9 9841
11 5 10 9 9851
11 6 10 9 9861
11 7 10 9 9871
11 8 10 9 9881
11 9 10 9 9891
11 10 10 9 9901
11 11 10 9 9901

11 1 10 10 9911
11 2 10 10 9921
11 3 10 10 9931
11 4 10 10 9941
11 5 10 10 9951
11 6 10 10 9961
11 7 10 10 9971
11 8 10 10 9981
11 9 10 10 9991
11 10 10 10 10001
11 11 10 10 10001

11 11 10 11 10001

11 1 1 1 11
11 2 1 1 21
11 3 1 1 31
11 4 1 1 41
11 5 1 1 51
11 6 1 1 61
11 7 1 1 71
11 8 1 1 81
11 9 1 1 91
11 10 1 1 101
11 11 1 1 101

11 1 1 2 111
11 2 1 2 121
11 3 1 2 131
11 4 1 2 141
11 5 1 2 151
11 6 1 2 161
11 7 1 2 171
11 8 1 2 181
11 9 1 2 191
11 10 1 2 201
11 11 1 2 201

11 1 1 3 211
11 2 1 3 221
11 3 1 3 231
11 4 1 3 241
11 5 1 3 251
11 6 1 3 261
11 7 1 3 271
11 8 1 3 281
11 9 1 3 291
11 10 1 3 301
11 11 1 3 301

11 1 1 4 311
11 2 1 4 321
11 3 1 4 331
11 4 1 4 341
11 5 1 4 351
11 6 1 4 361
11 7 1 4 371
11 8 1 4 381
11 9 1 4 391
11 10 1 4 401
11 11 1 4 401

11 1 1 5 411
11 2 1 5 421
11 3 1 5 431
11 4 1 5 441
11 5 1 5 451
11 6 1 5 461
11 7 1 5 471
11 8 1 5 481
11 9 1 5 491
11 10 1 5 501
11 11 1 5 501

11 1 1 6 511
11 2 1 6 521
11 3 1 6 531
11 4 1 6 541
11 5 1 6 551
11 6 1 6 561
11 7 1 6 571
11 8 1 6 581
11 9 1 6 591
11 10 1 6 601
11 11 1 6 601

11 1 1 7 611
11 2 1 7 621
11 3 1 7 631
11 4 1 7 641
11 5 1 7 651
11 6 1 7 661
11 7 1 7 671
11 8 1 7 681
11 9 1 7 691
11 10 1 7 701
11 11 1 7 701

11 1 1 8 711
11 2 1 8 721
11 3 1 8 731
11 4 1 8 741
11 5 1 8 751
11 6 1 8 761
11 7 1 8 771
11 8 1 8 781
11 9 1 8 791
11 10 1 8 801
11 11 1 8 801

11 1 1 9 811
11 2 1 9 821
11 3 1 9 831
11 4 1 9 841
11 5 1 9 851
11 6 1 9 861
11 7 1 9 871
11 8 1 9 881
11 9 1 9 891
11 10 1 9 901
11 11 1 9 901

11 1 1 10 911
11 2 1 10 921
11 3 1 10 931
11 4 1 10 941
11 5 1 10 951
11 6 1 10 961
11 7 1 10 971
11 8 1 10 981
11 9 1 10 991
11 10 1 10 1001
11 11 1 10 1001

11 11 1 11 1001

11 1 2 1 1011
11 2 2 1 1021
11 3 2 1 1031
11 4 2 1 1041
11 5 2 1 1051
11 6 2 1 1061
11 7 2 1 1071
11 8 2 1 1081
11 9 2 1 1091
11 10 2 1 1101
11 11 2 1 1101

11 1 2 2 1111
11 2 2 2 1121
11 3 2 2 1131
11 4 2 2 1141
11 5 2 2 1151
11 6 2 2 1161
11 7 2 2 1171
11 8 2 2 1181
11 9 2 2 1191
11 10 2 2 1201
11 11 2 2 1201

11 1 2 3 1211
11 2 2 3 1221
11 3 2 3 1231
11 4 2 3 1241
11 5 2 3 1251
11 6 2 3 1261
11 7 2 3 1271
11 8 2 3 1281
11 9 2 3 1291
11 10 2 3 1301
11 11 2 3 1301

11 1 2 4 1311
11 2 2 4 1321
11 3 2 4 1331
11 4 2 4 1341
11 5 2 4 1351
11 6 2 4 1361
11 7 2 4 1371
11 8 2 4 1381
11 9 2 4 1391
11 10 2 4 1401
11 11 2 4 1401

11 1 2 5 1411
11 2 2 5 1421
11 3 2 5 1431
11 4 2 5 1441
11 5 2 5 1451
11 6 2 5 1461
11 7 2 5 1471
11 8 2 5 1481
11 9 2 5 1491
11 10 2 5 1501
11 11 2 5 1501

11 1 2 6 1511
11 2 2 6 1521
11 3 2 6 1531
11 4 2 6 1541
11 5 2 6 1551
11 6 2 6 1561
11 7 2 6 1571
11 8 2 6 1581
11 9 2 6 1591
11 10 2 6 1601
11 11 2 6 1601

11 1 2 7 1611
11 2 2 7 1621
11 3 2 7 1631
11 4 2 7 1641
11 5 2 7 1651
11 6 2 7 1661
11 7 2 7 1671
11 8 2 7 1681
11 9 2 7 1691
11 10 2 7 1701
11 11 2 7 1701

11 1 2 8 1711
11 2 2 8 1721
11 3 2 8 1731
11 4 2 8 1741
11 5 2 8 1751
11 6 2 8 1761
11 7 2 8 1771
11 8 2 8 1781
11 9 2 8 1791
11 10 2 8 1801
11 11 2 8 1801

11 1 2 9 1811
11 2 2 9 1821
11 3 2 9 1831
11 4 2 9 1841
11 5 2 9 1851
11 6 2 9 1861
11 7 2 9 1871
11 8 2 9 1881
11 9 2 9 1891
11 10 2 9 1901
11 11 2 9 1901

11 1 2 10 1911
11 2 2 10 1921
11 3 2 10 1931
11 4 2 10 1941
11 5 2 10 1951
11 6 2 10 1961
11 7 2 10 1971
11 8 2 10 1981
11 9 2 10 1991
11 10 2 10 2001
11 11 2 10 2001

11 11 2 11 2001

11 1 3 1 2011
11 2 3 1 2021
11 3 3 1 2031
11 4 3 1 2041
11 5 3 1 2051
11 6 3 1 2061
11 7 3 1 2071
11 8 3 1 2081
11 9 3 1 2091
11 10 3 1 2101
11 11 3 1 2101

11 1 3 2 2111
11 2 3 2 2121
11 3 3 2 2131
11 4 3 2 2141
11 5 3 2 2151
11 6 3 2 2161
11 7 3 2 2171
11 8 3 2 2181
11 9 3 2 2191
11 10 3 2 2201
11 11 3 2 2201

11 1 3 3 2211
11 2 3 3 2221
11 3 3 3 2231
11 4 3 3 2241
11 5 3 3 2251
11 6 3 3 2261
11 7 3 3 2271
11 8 3 3 2281
11 9 3 3 2291
11 10 3 3 2301
11 11 3 3 2301

11 1 3 4 2311
11 2 3 4 2321
11 3 3 4 2331
11 4 3 4 2341
11 5 3 4 2351
11 6 3 4 2361
11 7 3 4 2371
11 8 3 4 2381
11 9 3 4 2391
11 10 3 4 2401
11 11 3 4 2401

11 1 3 5 2411
11 2 3 5 2421
11 3 3 5 2431
11 4 3 5 2441
11 5 3 5 2451
11 6 3 5 2461
11 7 3 5 2471
11 8 3 5 2481
11 9 3 5 2491
11 10 3 5 2501
11 11 3 5 2501

11 1 3 6 2511
11 2 3 6 2521
11 3 3 6 2531
11 4 3 6 2541
11 5 3 6 2551
11 6 3 6 2561
11 7 3 6 2571
11 8 3 6 2581
11 9 3 6 2591
11 10 3 6 2601
11 11 3 6 2601

11 1 3 7 2611
11 2 3 7 2621
11 3 3 7 2631
11 4 3 7 2641
11 5 3 7 2651
11 6 3 7 2661
11 7 3 7 2671
11 8 3 7 2681
11 9 3 7 2691
11 10 3 7 2701
11 11 3 7 2701

11 1 3 8 2711
11 2 3 8 2721
11 3 3 8 2731
11 4 3 8 2741
11 5 3 8 2751
11 6 3 8 2761
11 7 3 8 2771
11 8 3 8 2781
11 9 3 8 2791
11 10 3 8 2801
11 11 3 8 2801

11 1 3 9 2811
11 2 3 9 2821
11 3 3 9 2831
11 4 3 9 2841
11 5 3 9 2851
11 6 3 9 2861
11 7 3 9 2871
11 8 3 9 2881
11 9 3 9 2891
11 10 3 9 2901
11 11 3 9 2901

11 1 3 10 2911
11 2 3 10 2921
11 3 3 10 2931
11 4 3 10 2941
11 5 3 10 2951
11 6 3 10 2961
11 7 3 10 2971
11 8 3 10 2981
11 9 3 10 2991
11 10 3 10 3001
11 11 3 10 3001

11 11 3 11 3001

11 1 4 1 3011
11 2 4 1 3021
11 3 4 1 3031
11 4 4 1 3041
11 5 4 1 3051
11 6 4 1 3061
11 7 4 1 3071
11 8 4 1 3081
11 9 4 1 3091
11 10 4 1 3101
11 11 4 1 3101

11 1 4 2 3111
11 2 4 2 3121
11 3 4 2 3131
11 4 4 2 3141
11 5 4 2 3151
11 6 4 2 3161
11 7 4 2 3171
11 8 4 2 3181
11 9 4 2 3191
11 10 4 2 3201
11 11 4 2 3201

11 1 4 3 3211
11 2 4 3 3221
11 3 4 3 3231
11 4 4 3 3241
11 5 4 3 3251
11 6 4 3 3261
11 7 4 3 3271
11 8 4 3 3281
11 9 4 3 3291
11 10 4 3 3301
11 11 4 3 3301

11 1 4 4 3311
11 2 4 4 3321
11 3 4 4 3331
11 4 4 4 3341
11 5 4 4 3351
11 6 4 4 3361
11 7 4 4 3371
11 8 4 4 3381
11 9 4 4 3391
11 10 4 4 3401
11 11 4 4 3401

11 1 4 5 3411
11 2 4 5 3421
11 3 4 5 3431
11 4 4 5 3441
11 5 4 5 3451
11 6 4 5 3461
11 7 4 5 3471
11 8 4 5 3481
11 9 4 5 3491
11 10 4 5 3501
11 11 4 5 3501

11 1 4 6 3511
11 2 4 6 3521
11 3 4 6 3531
11 4 4 6 3541
11 5 4 6 3551
11 6 4 6 3561
11 7 4 6 3571
11 8 4 6 3581
11 9 4 6 3591
11 10 4 6 3601
11 11 4 6 3601

11 1 4 7 3611
11 2 4 7 3621
11 3 4 7 3631
11 4 4 7 3641
11 5 4 7 3651
11 6 4 7 3661
11 7 4 7 3671
11 8 4 7 3681
11 9 4 7 3691
11 10 4 7 3701
11 11 4 7 3701

11 1 4 8 3711
11 2 4 8 3721
11 3 4 8 3731
11 4 4 8 3741
11 5 4 8 3751
11 6 4 8 3761
11 7 4 8 3771
11 8 4 8 3781
11 9 4 8 3791
11 10 4 8 3801
11 11 4 8 3801

11 1 4 9 3811
11 2 4 9 3821
11 3 4 9 3831
11 4 4 9 3841
11 5 4 9 3851
11 6 4 9 3861
11 7 4 9 3871
11 8 4 9 3881
11 9 4 9 3891
11 10 4 9 3901
11 11 4 9 3901

11 1 4 10 3911
11 2 4 10 3921
11 3 4 10 3931
11 4 4 10 3941
11 5 4 10 3951
11 6 4 10 3961
11 7 4 10 3971
11 8 4 10 3981
11 9 4 10 3991
11 10 4 10 4001
11 11 4 10 4001

11 11 4 11 4001

11 1 5 1 4011
11 2 5 1 4021
11 3 5 1 4031
11 4 5 1 4041
11 5 5 1 4051
11 6 5 1 4061
11 7 5 1 4071
11 8 5 1 4081
11 9 5 1 4091
11 10 5 1 4101
11 11 5 1 4101

11 1 5 2 4111
11 2 5 2 4121
11 3 5 2 4131
11 4 5 2 4141
11 5 5 2 4151
11 6 5 2 4161
11 7 5 2 4171
11 8 5 2 4181
11 9 5 2 4191
11 10 5 2 4201
11 11 5 2 4201

11 1 5 3 4211
11 2 5 3 4221
11 3 5 3 4231
11 4 5 3 4241
11 5 5 3 4251
11 6 5 3 4261
11 7 5 3 4271
11 8 5 3 4281
11 9 5 3 4291
11 10 5 3 4301
11 11 5 3 4301

11 1 5 4 4311
11 2 5 4 4321
11 3 5 4 4331
11 4 5 4 4341
11 5 5 4 4351
11 6 5 4 4361
11 7 5 4 4371
11 8 5 4 4381
11 9 5 4 4391
11 10 5 4 4401
11 11 5 4 4401

11 1 5 5 4411
11 2 5 5 4421
11 3 5 5 4431
11 4 5 5 4441
11 5 5 5 4451
11 6 5 5 4461
11 7 5 5 4471
11 8 5 5 4481
11 9 5 5 4491
11 10 5 5 4501
11 11 5 5 4501

11 1 5 6 4511
11 2 5 6 4521
11 3 5 6 4531
11 4 5 6 4541
11 5 5 6 4551
11 6 5 6 4561
11 7 5 6 4571
11 8 5 6 4581
11 9 5 6 4591
11 10 5 6 4601
11 11 5 6 4601

11 1 5 7 4611
11 2 5 7 4621
11 3 5 7 4631
11 4 5 7 4641
11 5 5 7 4651
11 6 5 7 4661
11 7 5 7 4671
11 8 5 7 4681
11 9 5 7 4691
11 10 5 7 4701
11 11 5 7 4701

11 1 5 8 4711
11 2 5 8 4721
11 3 5 8 4731
11 4 5 8 4741
11 5 5 8 4751
11 6 5 8 4761
11 7 5 8 4771
11 8 5 8 4781
11 9 5 8 4791
11 10 5 8 4801
11 11 5 8 4801

11 1 5 9 4811
11 2 5 9 4821
11 3 5 9 4831
11 4 5 9 4841
11 5 5 9 4851
11 6 5 9 4861
11 7 5 9 4871
11 8 5 9 4881
11 9 5 9 4891
11 10 5 9 4901
11 11 5 9 4901

11 1 5 10 4911
11 2 5 10 4921
11 3 5 10 4931
11 4 5 10 4941
11 5 5 10 4951
11 6 5 10 4961
11 7 5 10 4971
11 8 5 10 4981
11 9 5 10 4991
11 10 5 10 5001
11 11 5 10 5001

11 11 5 11 5001

11 1 6 1 5011
11 2 6 1 5021
11 3 6 1 5031
11 4 6 1 5041
11 5 6 1 5051
11 6 6 1 5061
11 7 6 1 5071
11 8 6 1 5081
11 9 6 1 5091
11 10 6 1 5101
11 11 6 1 5101

11 1 6 2 5111
11 2 6 2 5121
11 3 6 2 5131
11 4 6 2 5141
11 5 6 2 5151
11 6 6 2 5161
11 7 6 2 5171
11 8 6 2 5181
11 9 6 2 5191
11 10 6 2 5201
11 11 6 2 5201

11 1 6 3 5211
11 2 6 3 5221
11 3 6 3 5231
11 4 6 3 5241
11 5 6 3 5251
11 6 6 3 5261
11 7 6 3 5271
11 8 6 3 5281
11 9 6 3 5291
11 10 6 3 5301
11 11 6 3 5301

11 1 6 4 5311
11 2 6 4 5321
11 3 6 4 5331
11 4 6 4 5341
11 5 6 4 5351
11 6 6 4 5361
11 7 6 4 5371
11 8 6 4 5381
11 9 6 4 5391
11 10 6 4 5401
11 11 6 4 5401

11 1 6 5 5411
11 2 6 5 5421
11 3 6 5 5431
11 4 6 5 5441
11 5 6 5 5451
11 6 6 5 5461
11 7 6 5 5471
11 8 6 5 5481
11 9 6 5 5491
11 10 6 5 5501
11 11 6 5 5501

11 1 6 6 5511
11 2 6 6 5521
11 3 6 6 5531
11 4 6 6 5541
11 5 6 6 5551
11 6 6 6 5561
11 7 6 6 5571
11 8 6 6 5581
11 9 6 6 5591
11 10 6 6 5601
11 11 6 6 5601

11 1 6 7 5611
11 2 6 7 5621
11 3 6 7 5631
11 4 6 7 5641
11 5 6 7 5651
11 6 6 7 5661
11 7 6 7 5671
11 8 6 7 5681
11 9 6 7 5691
11 10 6 7 5701
11 11 6 7 5701

11 1 6 8 5711
11 2 6 8 5721
11 3 6 8 5731
11 4 6 8 5741
11 5 6 8 5751
11 6 6 8 5761
11 7 6 8 5771
11 8 6 8 5781
11 9 6 8 5791
11 10 6 8 5801
11 11 6 8 5801

11 1 6 9 5811
11 2 6 9 5821
11 3 6 9 5831
11 4 6 9 5841
11 5 6 9 5851
11 6 6 9 5861
11 7 6 9 5871
11 8 6 9 5881
11 9 6 9 5891
11 10 6 9 5901
11 11 6 9 5901

11 1 6 10 5911
11 2 6 10 5921
11 3 6 10 5931
11 4 6 10 5941
11 5 6 10 5951
11 6 6 10 5961
11 7 6 10 5971
11 8 6 10 5981
11 9 6 10 5991
11 10 6 10 6001
11 11 6 10 6001

11 11 6 11 6001

11 1 7 1 6011
11 2 7 1 6021
11 3 7 1 6031
11 4 7 1 6041
11 5 7 1 6051
11 6 7 1 6061
11 7 7 1 6071
11 8 7 1 6081
11 9 7 1 6091
11 10 7 1 6101
11 11 7 1 6101

11 1 7 2 6111
11 2 7 2 6121
11 3 7 2 6131
11 4 7 2 6141
11 5 7 2 6151
11 6 7 2 6161
11 7 7 2 6171
11 8 7 2 6181
11 9 7 2 6191
11 10 7 2 6201
11 11 7 2 6201

11 1 7 3 6211
11 2 7 3 6221
11 3 7 3 6231
11 4 7 3 6241
11 5 7 3 6251
11 6 7 3 6261
11 7 7 3 6271
11 8 7 3 6281
11 9 7 3 6291
11 10 7 3 6301
11 11 7 3 6301

11 1 7 4 6311
11 2 7 4 6321
11 3 7 4 6331
11 4 7 4 6341
11 5 7 4 6351
11 6 7 4 6361
11 7 7 4 6371
11 8 7 4 6381
11 9 7 4 6391
11 10 7 4 6401
11 11 7 4 6401

11 1 7 5 6411
11 2 7 5 6421
11 3 7 5 6431
11 4 7 5 6441
11 5 7 5 6451
11 6 7 5 6461
11 7 7 5 6471
11 8 7 5 6481
11 9 7 5 6491
11 10 7 5 6501
11 11 7 5 6501

11 1 7 6 6511
11 2 7 6 6521
11 3 7 6 6531
11 4 7 6 6541
11 5 7 6 6551
11 6 7 6 6561
11 7 7 6 6571
11 8 7 6 6581
11 9 7 6 6591
11 10 7 6 6601
11 11 7 6 6601

11 1 7 7 6611
11 2 7 7 6621
11 3 7 7 6631
11 4 7 7 6641
11 5 7 7 6651
11 6 7 7 6661
11 7 7 7 6671
11 8 7 7 6681
11 9 7 7 6691
11 10 7 7 6701
11 11 7 7 6701

11 1 7 8 6711
11 2 7 8 6721
11 3 7 8 6731
11 4 7 8 6741
11 5 7 8 6751
11 6 7 8 6761
11 7 7 8 6771
11 8 7 8 6781
11 9 7 8 6791
11 10 7 8 6801
11 11 7 8 6801

11 1 7 9 6811
11 2 7 9 6821
11 3 7 9 6831
11 4 7 9 6841
11 5 7 9 6851
11 6 7 9 6861
11 7 7 9 6871
11 8 7 9 6881
11 9 7 9 6891
11 10 7 9 6901
11 11 7 9 6901

11 1 7 10 6911
11 2 7 10 6921
11 3 7 10 6931
11 4 7 10 6941
11 5 7 10 6951
11 6 7 10 6961
11 7 7 10 6971
11 8 7 10 6981
11 9 7 10 6991
11 10 7 10 7001
11 11 7 10 7001

11 11 7 11 7001

11 1 8 1 7011
11 2 8 1 7021
11 3 8 1 7031
11 4 8 1 7041
11 5 8 1 7051
11 6 8 1 7061
11 7 8 1 7071
11 8 8 1 7081
11 9 8 1 7091
11 10 8 1 7101
11 11 8 1 7101

11 1 8 2 7111
11 2 8 2 7121
11 3 8 2 7131
11 4 8 2 7141
11 5 8 2 7151
11 6 8 2 7161
11 7 8 2 7171
11 8 8 2 7181
11 9 8 2 7191
11 10 8 2 7201
11 11 8 2 7201

11 1 8 3 7211
11 2 8 3 7221
11 3 8 3 7231
11 4 8 3 7241
11 5 8 3 7251
11 6 8 3 7261
11 7 8 3 7271
11 8 8 3 7281
11 9 8 3 7291
11 10 8 3 7301
11 11 8 3 7301

11 1 8 4 7311
11 2 8 4 7321
11 3 8 4 7331
11 4 8 4 7341
11 5 8 4 7351
11 6 8 4 7361
11 7 8 4 7371
11 8 8 4 7381
11 9 8 4 7391
11 10 8 4 7401
11 11 8 4 7401

11 1 8 5 7411
11 2 8 5 7421
11 3 8 5 7431
11 4 8 5 7441
11 5 8 5 7451
11 6 8 5 7461
11 7 8 5 7471
11 8 8 5 7481
11 9 8 5 7491
11 10 8 5 7501
11 11 8 5 7501

11 1 8 6 7511
11 2 8 6 7521
11 3 8 6 7531
11 4 8 6 7541
11 5 8 6 7551
11 6 8 6 7561
11 7 8 6 7571
11 8 8 6 7581
11 9 8 6 7591
11 10 8 6 7601
11 11 8 6 7601

11 1 8 7 7611
11 2 8 7 7621
11 3 8 7 7631
11 4 8 7 7641
11 5 8 7 7651
11 6 8 7 7661
11 7 8 7 7671
11 8 8 7 7681
11 9 8 7 7691
11 10 8 7 7701
11 11 8 7 7701

11 1 8 8 7711
11 2 8 8 7721
11 3 8 8 7731
11 4 8 8 7741
11 5 8 8 7751
11 6 8 8 7761
11 7 8 8 7771
11 8 8 8 7781
11 9 8 8 7791
11 10 8 8 7801
11 11 8 8 7801

11 1 8 9 7811
11 2 8 9 7821
11 3 8 9 7831
11 4 8 9 7841
11 5 8 9 7851
11 6 8 9 7861
11 7 8 9 7871
11 8 8 9 7881
11 9 8 9 7891
11 10 8 9 7901
11 11 8 9 7901

11 1 8 10 7911
11 2 8 10 7921
11 3 8 10 7931
11 4 8 10 7941
11 5 8 10 7951
11 6 8 10 7961
11 7 8 10 7971
11 8 8 10 7981
11 9 8 10 7991
11 10 8 10 8001
11 11 8 10 8001

11 11 8 11 8001

11 1 9 1 8011
11 2 9 1 8021
11 3 9 1 8031
11 4 9 1 8041
11 5 9 1 8051
11 6 9 1 8061
11 7 9 1 8071
11 8 9 1 8081
11 9 9 1 8091
11 10 9 1 8101
11 11 9 1 8101

11 1 9 2 8111
11 2 9 2 8121
11 3 9 2 8131
11 4 9 2 8141
11 5 9 2 8151
11 6 9 2 8161
11 7 9 2 8171
11 8 9 2 8181
11 9 9 2 8191
11 10 9 2 8201
11 11 9 2 8201

11 1 9 3 8211
11 2 9 3 8221
11 3 9 3 8231
11 4 9 3 8241
11 5 9 3 8251
11 6 9 3 8261
11 7 9 3 8271
11 8 9 3 8281
11 9 9 3 8291
11 10 9 3 8301
11 11 9 3 8301

11 1 9 4 8311
11 2 9 4 8321
11 3 9 4 8331
11 4 9 4 8341
11 5 9 4 8351
11 6 9 4 8361
11 7 9 4 8371
11 8 9 4 8381
11 9 9 4 8391
11 10 9 4 8401
11 11 9 4 8401

11 1 9 5 8411
11 2 9 5 8421
11 3 9 5 8431
11 4 9 5 8441
11 5 9 5 8451
11 6 9 5 8461
11 7 9 5 8471
11 8 9 5 8481
11 9 9 5 8491
11 10 9 5 8501
11 11 9 5 8501

11 1 9 6 8511
11 2 9 6 8521
11 3 9 6 8531
11 4 9 6 8541
11 5 9 6 8551
11 6 9 6 8561
11 7 9 6 8571
11 8 9 6 8581
11 9 9 6 8591
11 10 9 6 8601
11 11 9 6 8601

11 1 9 7 8611
11 2 9 7 8621
11 3 9 7 8631
11 4 9 7 8641
11 5 9 7 8651
11 6 9 7 8661
11 7 9 7 8671
11 8 9 7 8681
11 9 9 7 8691
11 10 9 7 8701
11 11 9 7 8701

11 1 9 8 8711
11 2 9 8 8721
11 3 9 8 8731
11 4 9 8 8741
11 5 9 8 8751
11 6 9 8 8761
11 7 9 8 8771
11 8 9 8 8781
11 9 9 8 8791
11 10 9 8 8801
11 11 9 8 8801

11 1 9 9 8811
11 2 9 9 8821
11 3 9 9 8831
11 4 9 9 8841
11 5 9 9 8851
11 6 9 9 8861
11 7 9 9 8871
11 8 9 9 8881
11 9 9 9 8891
11 10 9 9 8901
11 11 9 9 8901

11 1 9 10 8911
11 2 9 10 8921
11 3 9 10 8931
11 4 9 10 8941
11 5 9 10 8951
11 6 9 10 8961
11 7 9 10 8971
11 8 9 10 8981
11 9 9 10 8991
11 10 9 10 9001
11 11 9 10 9001

11 11 9 11 9001

11 1 10 1 9011
11 2 10 1 9021
11 3 10 1 9031
11 4 10 1 9041
11 5 10 1 9051
11 6 10 1 9061
11 7 10 1 9071
11 8 10 1 9081
11 9 10 1 9091
11 10 10 1 9101
11 11 10 1 9101

11 1 10 2 9111
11 2 10 2 9121
11 3 10 2 9131
11 4 10 2 9141
11 5 10 2 9151
11 6 10 2 9161
11 7 10 2 9171
11 8 10 2 9181
11 9 10 2 9191
11 10 10 2 9201
11 11 10 2 9201

11 1 10 3 9211
11 2 10 3 9221
11 3 10 3 9231
11 4 10 3 9241
11 5 10 3 9251
11 6 10 3 9261
11 7 10 3 9271
11 8 10 3 9281
11 9 10 3 9291
11 10 10 3 9301
11 11 10 3 9301

11 1 10 4 9311
11 2 10 4 9321
11 3 10 4 9331
11 4 10 4 9341
11 5 10 4 9351
11 6 10 4 9361
11 7 10 4 9371
11 8 10 4 9381
11 9 10 4 9391
11 10 10 4 9401
11 11 10 4 9401

11 1 10 5 9411
11 2 10 5 9421
11 3 10 5 9431
11 4 10 5 9441
11 5 10 5 9451
11 6 10 5 9461
11 7 10 5 9471
11 8 10 5 9481
11 9 10 5 9491
11 10 10 5 9501
11 11 10 5 9501

11 1 10 6 9511
11 2 10 6 9521
11 3 10 6 9531
11 4 10 6 9541
11 5 10 6 9551
11 6 10 6 9561
11 7 10 6 9571
11 8 10 6 9581
11 9 10 6 9591
11 10 10 6 9601
11 11 10 6 9601

11 1 10 7 9611
11 2 10 7 9621
11 3 10 7 9631
11 4 10 7 9641
11 5 10 7 9651
11 6 10 7 9661
11 7 10 7 9671
11 8 10 7 9681
11 9 10 7 9691
11 10 10 7 9701
11 11 10 7 9701

11 1 10 8 9711
11 2 10 8 9721
11 3 10 8 9731
11 4 10 8 9741
11 5 10 8 9751
11 6 10 8 9761
11 7 10 8 9771
11 8 10 8 9781
11 9 10 8 9791
11 10 10 8 9801
11 11 10 8 9801

11 1 10 9 9811
11 2 10 9 9821
11 3 10 9 9831
11 4 10 9 9841
11 5 10 9 9851
11 6 10 9 9861
11 7 10 9 9871
11 8 10 9 9881
11 9 10 9 9891
11 10 10 9 9901
11 11 10 9 9901

11 1 10 10 9911
11 2 10 10 9921
11 3 10 10 9931
11 4 10 10 9941
11 5 10 10 9951
11 6 10 10 9961
11 7 10 10 9971
11 8 10 10 9981
11 9 10 10 9991
11 10 10 10 10001
11 11 10 10 10001

11 11 10 11 10001

